[gd_scene load_steps=3 format=3 uid="uid://dqbsx0mm6e4bu"]

[ext_resource type="PackedScene" uid="uid://corya62fkl1a5" path="res://Parts/Girder.tscn" id="1_dtqrx"]
[ext_resource type="Script" path="res://Gameplay/Building_Mode/BuildingCamera.gd" id="1_ojg0v"]

[node name="Garage" type="Node3D"]

[node name="Camera3D" type="Camera3D" parent="."]
transform = Transform3D(0.747995, -0.289741, 0.597121, 0, 0.89968, 0.436551, -0.663704, -0.326538, 0.672956, 3.41999, 2.33736, 3.46677)
script = ExtResource("1_ojg0v")

[node name="Girder" parent="." instance=ExtResource("1_dtqrx")]
transform = Transform3D(0.87218, -0.489185, 0, 0.489185, 0.87218, 0, 0, 0, 1, 0.468279, 0.397088, 0.00177296)

[node name="Girder2" parent="." instance=ExtResource("1_dtqrx")]
transform = Transform3D(0.338967, 0.940798, 0, -0.940797, 0.338968, 0, 0, 0, 1, 0.33278, 0.171459, 0)

[node name="Girder3" parent="." instance=ExtResource("1_dtqrx")]
transform = Transform3D(1, 0, 0, 0, 0.748134, 0.663548, 0, -0.663548, 0.748134, 0.507214, -0.000307262, 0)

[node name="Girder4" parent="." instance=ExtResource("1_dtqrx")]
transform = Transform3D(0.69854, -0.715571, 0, 0.715571, 0.69854, 0, 0, 0, 1, 0.719864, 0.129726, 0)

[node name="Girder6" parent="." instance=ExtResource("1_dtqrx")]
transform = Transform3D(-0.771191, -0.636603, 0, 0.636603, -0.771191, 0, 0, 0, 1, 0.702546, 0.356593, 0)

[node name="DirectionalLight3D" type="DirectionalLight3D" parent="."]
transform = Transform3D(0.799266, 0.22739, 0.556298, -0.500922, 0.763493, 0.407622, -0.332041, -0.60446, 0.724139, 0.815666, 0.649727, 0.542404)

[node name="GirderForward" parent="." instance=ExtResource("1_dtqrx")]
transform = Transform3D(1, 0, 0, 0, 0.119409, 0.992846, 0, -0.992846, 0.119409, 0.0105449, -0.000537187, 0.407835)

[node name="GirderForward2" parent="." instance=ExtResource("1_dtqrx")]
transform = Transform3D(1, 0, 0, 0, 0.119409, 0.992846, 0, -0.992846, 0.119409, 0.280531, -0.000537187, 0.407835)

[node name="GirderForward3" parent="." instance=ExtResource("1_dtqrx")]
transform = Transform3D(1, 0, 0, 0, 0.119409, 0.992846, 0, -0.992846, 0.119409, 0.547989, -0.000537187, 0.407835)

[node name="GirderForward4" parent="." instance=ExtResource("1_dtqrx")]
transform = Transform3D(1, 0, 0, 0, 0.119409, 0.992846, 0, -0.992846, 0.119409, 0.813734, -0.000537187, 0.407835)
